list_size_gini = 0.2686270833333333
maximum_centroid_similarity = 0.9519555568695068
build_seconds = 0.976019917
query_indices = [3899, 1949, 3135, 3093, 4453, 6488, 5677, 6664, 6135, 7057, 5369, 208, 1467, 8922, 7796, 6889, 2060, 6672, 1045, 5126, 156, 3604, 3108, 265, 5532, 5764, 3430, 632, 8861, 7281, 2232, 8867, 7329, 115, 2946, 628, 2406, 5626, 8613, 3589, 5485, 2483, 9981, 2454, 189, 3229, 8385, 6886]
training_count = 20000
list_size_cv = 0.5387312172544343
empty_lists = 0
selected_nprobe = 32
restarts = 1
maximum_to_average_list_ratio = 3.6778666666666666
selected_average_candidates = 11740.333333333334
iterations = 4
selected_database_fraction = 0.3913444444444445
configuration_hash = "20a0ef5e81957227d1d326093c48bd8ffc0a675490eb4eb64ce861d6a6110b5e"
selected_recall = 0.9750000000000001
p95_quantization_loss = 0.3063792824745178
dataset_hash = "f4b0029fe4480e828fd9e068f89ea92eeb0eb6620e9c7f941a13a4c00537db59"
near_duplicate_centroids = 0
mean_quantization_loss = 0.19554635313947996
complete = true
seed = 42
nlists = 64
