list_size_gini = 0.24629791666666656
maximum_centroid_similarity = 0.9674090147018433
build_seconds = 1.521579667
query_indices = [3899, 1949, 3135, 3093, 4453, 6488, 5677, 6664, 6135, 7057, 5369, 208, 1467, 8922, 7796, 6889, 2060, 6672, 1045, 5126, 156, 3604, 3108, 265, 5532, 5764, 3430, 632, 8861, 7281, 2232, 8867, 7329, 115, 2946, 628, 2406, 5626, 8613, 3589, 5485, 2483, 9981, 2454, 189, 3229, 8385, 6886]
training_count = 20000
list_size_cv = 0.45580565059146766
empty_lists = 0
selected_nprobe = 64
restarts = 1
maximum_to_average_list_ratio = 2.4661333333333335
selected_average_candidates = 12660.041666666666
iterations = 4
selected_database_fraction = 0.422001388888889
configuration_hash = "94899107b18a0312563ecc202200afaf7d9d00b6d2c9f76b47d7de28bc1b4f95"
selected_recall = 0.9729166666666665
p95_quantization_loss = 0.28260064721107475
dataset_hash = "f4b0029fe4480e828fd9e068f89ea92eeb0eb6620e9c7f941a13a4c00537db59"
near_duplicate_centroids = 0
mean_quantization_loss = 0.1798916885038217
complete = true
seed = 42
nlists = 128
