list_size_gini = 0.3366321875
maximum_centroid_similarity = 0.9701892137527466
build_seconds = 29.498949
query_indices = [7391, 5422, 5285, 2401, 5103, 3421, 9350, 3109, 6172, 2039, 9243, 1478, 9174, 2693, 4827, 9505, 8986, 9391, 5519, 2537, 8725, 1599, 9916, 9948, 8909, 8434, 8159, 7332, 3335, 6018, 3220, 8502, 6360, 9414, 9724, 2650, 863, 5566, 9683, 2255, 2385, 4577, 7898, 467, 1213, 2606, 7168, 2975, 6063, 3629, 3145, 3292, 4070, 7192, 4455, 3243, 7935, 5514, 99, 3196, 7951, 516, 8386, 9097, 6834, 3895, 7375, 6416, 2524, 9547, 8777, 171, 1538, 5949, 78, 2508, 1551, 8265, 30, 6740, 2026, 7269, 7931, 5069, 4981, 8314, 4050, 8858, 9892, 7427, 378, 4272, 3233, 1773, 4119, 8981, 9631, 1641, 5385, 734, 1575, 6933, 4298, 581, 7105, 5523, 2057, 3482, 4333, 5222, 5967, 3269, 3080, 7291, 3306, 5809, 5390, 1425, 5675, 2213, 7236, 3011, 2686, 1531, 2585, 9461, 8811, 4644, 7037, 2460, 1757, 7089, 593, 5460, 3054, 808, 2444, 6132, 7752, 922, 5601, 6244, 8134, 79, 5007, 7434, 1750, 196, 7203, 8991, 2297, 9326, 3319, 5382, 1412, 8983, 6585, 937, 8879, 713, 3363, 1008, 9418, 9879, 9551, 8712, 5204, 1874, 7405, 954, 4767, 7355, 6383, 192, 6595, 4401, 3876, 8491, 7119, 2458, 2832, 6590, 5001, 2763, 7195, 2600, 8009, 5136, 3924, 2468, 76, 6632, 6515, 8597, 4294, 7568, 4698, 6959, 3789, 536, 6431, 801, 8231, 4383, 7891, 3398, 1318, 234, 1909, 6893, 8987, 5261, 1014, 9997, 580, 9275, 2988, 5984, 8817, 1642, 3522, 2784, 9849, 1719, 3361, 7532, 31, 4998, 9120, 1811, 2548, 9690, 6361, 7360, 4622, 419, 1052, 2282, 6985, 5409, 8745, 3690, 2754, 7057, 210, 5954, 8599, 2812, 2195, 4395, 2175, 5085, 761, 799, 3542, 3728]
training_count = 20000
list_size_cv = 0.6110973735829668
empty_lists = 0
selected_nprobe = 256
restarts = 2
maximum_to_average_list_ratio = 3.712
selected_average_candidates = 40698.23046875
iterations = 8
selected_database_fraction = 0.4069823046875
configuration_hash = "2a0d69168ba7909471841012568fb9cf5cfc6e3db6eebc6d878dd355d6ddcf95"
selected_recall = 0.997265625
p95_quantization_loss = 0.28432821035385114
dataset_hash = "73b89e701a23ad5199adc6e57b08ab447a30dd4099c0c6070bf103df9af65c0a"
near_duplicate_centroids = 0
mean_quantization_loss = 0.18270080968916416
complete = true
seed = 42
nlists = 512
