list_size_gini = 0.3902937369791666
maximum_centroid_similarity = 0.9752622842788696
build_seconds = 161.2919455
query_indices = [209, 632, 3093, 8850, 1030, 1611, 6971, 703, 6095, 7485, 115, 773, 6672, 7624, 7934, 595, 5738, 4652, 174, 7617, 1936, 265, 4921, 9491, 8033, 6061, 208, 502, 3407, 8560, 8562, 410, 6309, 57, 5178, 7125, 5043, 5032, 6625, 3444, 7954, 5994, 5182, 1486, 5626, 4546, 8078, 2895, 5532, 6377, 8565, 2175, 794, 6600, 8371, 3589, 1116, 72, 8861, 7796, 7490, 4387, 6889, 7155, 5343, 12, 4868, 3522, 5240, 2199, 1789, 7792, 18, 4554, 3904, 120, 667, 628, 2483, 6441, 6980, 1661, 5716, 9040, 3424, 2940, 2755, 4363, 5193, 7595, 2901, 1545, 7093, 7057, 7281, 3135, 4210, 3112, 7049, 2027, 4453, 4306, 7657, 6933, 5126, 7734, 454, 4222, 48, 6962, 2946, 13, 8385, 6729, 7358, 9741, 3108, 9529, 9981, 3543, 9416, 3427, 1441, 2364, 6989, 6898, 2347, 8922, 5245, 1683, 4943, 5688, 1983, 4062, 37, 7013, 1211, 6338, 8144, 2090, 6562, 8639, 5764, 3604, 2371, 8522, 8546, 5438, 5485, 156, 5594, 2232, 189, 948, 6589, 7146, 1045, 6504, 3899, 5369, 7169, 2473, 4821, 9034, 9031, 7328, 3051, 80, 6285, 7310, 5206, 7788, 8867, 9317, 9813, 8481, 3244, 4492, 1834, 6455, 2060, 5677, 8972, 7708, 3299, 8892, 5766, 364, 5686, 3583, 5089, 3875, 7721, 6664, 2249, 3499, 7865, 1949, 2406, 9400, 768, 3889, 3380, 3571, 2892, 8613, 4217, 9075, 137, 8073, 6488, 8383, 7152, 8153, 220, 2454, 9747, 3229, 6961, 8398, 3173, 5807, 7420, 7523, 8581, 3623, 3165, 8295, 2858, 687, 5405, 4938, 9267, 2992, 3839, 6631, 1467, 3222, 8809, 5850, 5050, 312, 7426, 6991, 2967, 1930, 9801, 4301, 6886, 625, 8737, 3430, 7329, 6135, 6955, 1872]
training_count = 50000
list_size_cv = 0.7066961463033459
empty_lists = 0
selected_nprobe = 192
restarts = 1
maximum_to_average_list_ratio = 3.96288
selected_average_candidates = 27649.57421875
iterations = 4
selected_database_fraction = 0.09216524739583334
configuration_hash = "fe082526f937623ab5b37246f1db65f14bbeda968e0749b0414f17b9b17497d8"
selected_recall = 0.9808593750000001
p95_quantization_loss = 0.24149433970451353
dataset_hash = "a52750b69a8a20ef3f760864f3d73aa16147353c890644c74b125f456c0226d1"
near_duplicate_centroids = 0
mean_quantization_loss = 0.15255713312506675
complete = true
seed = 42
nlists = 1536
