bucket_gate = true
recall_ci_upper = 0.9886718750000002
speed_gate = true
completed_unix = 1.784109815340747e9
exact_p95_ms = 48.692958
passed = true
recall = 0.9828125
average_candidates_scored = 4754.203125
recall_ci_lower = 0.9765625000000007
speedup_p95 = 3.138115279579161
recall_gate = true
hybrid_p95_ms = 15.516625
